.Random.seed <-
c(403L, 10L, -99405296L, -413287954L, -295989863L, -1257145813L, 
2113325850L, 2130686428L, -175552545L, -646070347L, -373683892L, 
1050820514L, -1689626883L, 628299767L, 157757726L, -278963240L, 
-1472840389L, -828974375L, 729134696L, -1266849898L, -1468370159L, 
1958747331L, 906122450L, 199303524L, -216877913L, 64281085L, 
1231451124L, -1205367590L, -2047271387L, -681643201L, 1018052806L, 
-167355056L, -1490475661L, -1381945455L, -1751678528L, 1535411102L, 
-2135646871L, -1481251429L, 342001834L, 2092889804L, -1451272305L, 
-1640754235L, 1112176508L, -2083092526L, -691148979L, 1063564807L, 
539952622L, 1710919880L, 1844076491L, 1124350505L, 1159825528L, 
-755366490L, 1287409601L, 1553192019L, 517339906L, -1537106380L, 
8362935L, 2100923309L, -78257980L, 1893291242L, -1781851307L, 
1580297455L, 397714166L, 939413024L, 459936739L, 880384129L, 
-1541142800L, -507927154L, -1197798663L, 1012385931L, -1275424582L, 
399229884L, -105883393L, 1894820949L, 1064048492L, 540002242L, 
952676381L, -1887367017L, -322851330L, 1690852792L, -1890274917L, 
1299363833L, 2091753288L, -631510410L, -864934991L, -683229725L, 
2064605874L, -1500455164L, 802800711L, 204280605L, 521054612L, 
-1254814406L, -1642925691L, 2048311903L, 28419302L, -94390416L, 
-1489438573L, -483576527L, 778462176L, 203075710L, 1052568329L, 
1732717883L, 321847562L, -70299412L, 20487535L, -1093246299L, 
1201871964L, 608713778L, -66381011L, 1051795943L, 976231694L, 
-476777752L, -1835680533L, 537752969L, -611433192L, 1898276934L, 
2083557537L, 630626099L, 1783629474L, -1956055660L, 2082020375L, 
1357024269L, 30968100L, 2130552074L, -1535425419L, 78245839L, 
337752278L, 1332580480L, 76238531L, -1095427999L, 1492445392L, 
1663017518L, 547840985L, -1773048853L, -526202278L, 2126937116L, 
-399193825L, 1743608181L, 4020236L, 1958576610L, -415884611L, 
-2127497929L, 1896413662L, 1200070424L, 995194491L, -208014311L, 
-1023679320L, 853220950L, -1173554479L, 1890663043L, -1260252910L, 
-189885276L, -1647262617L, -925905475L, 276598580L, 911699098L, 
-1410690331L, 571288703L, -1084299770L, 2113073552L, -1824887757L, 
-1370151983L, 1300162944L, -465533858L, 902845353L, -236352933L, 
-1424085398L, 808538892L, 790099279L, -761221627L, 1780225212L, 
1753974162L, -1183293811L, -1929317177L, 585748910L, 1628191752L, 
916385803L, 1332053225L, 1045783480L, 2028579942L, -1748382463L, 
308071315L, -1754805182L, 1204433908L, 1464270327L, 1959223789L, 
833737348L, -646642518L, -720817643L, -445395281L, 2097081526L, 
1697749728L, 1712080419L, 855656769L, 486839344L, 924733006L, 
1021778617L, 801357515L, 823175034L, -763425156L, 1706396351L, 
-960681067L, 1353960364L, 1307632002L, -448649379L, -1402238377L, 
-1067187906L, -918355592L, 33602139L, -1331950151L, 2062790664L, 
-1765141834L, -646321679L, 1645928483L, 964698226L, 1229374148L, 
-817728377L, -1040627619L, -747434412L, -1223889798L, 839841733L, 
-1945192161L, 2058074278L, 1472780848L, -1379213101L, 808939249L, 
-743813600L, -1354876738L, 1954847945L, 586896424L, -444538612L, 
385260476L, -1224043214L, -295319616L, 1572398644L, 1526848456L, 
-103861062L, 2074781584L, 1199278572L, 1436816468L, 1975892626L, 
-2045478112L, -1464237620L, 373107680L, -1647806782L, -808110552L, 
-1363415380L, 1046419132L, 1681727986L, -618882768L, 1551550628L, 
1449323192L, 1013165914L, -1644577392L, -1436807812L, 148082964L, 
-876331710L, -1219083520L, -520655940L, 738157392L, -525191902L, 
96815432L, 2086849548L, 750128220L, -109742894L, -172739584L, 
1616480084L, 1740982760L, -1516643334L, -19838256L, -518249172L, 
105659636L, 931201938L, -2036839328L, 542103820L, -464655648L, 
1181586786L, -1090906456L, -663212468L, -1479085188L, 51691314L, 
-1936154000L, -1712918204L, -855914536L, 733443194L, 1896520240L, 
207998652L, 1576034132L, 1087999554L, -133079136L, 348052668L, 
-694029872L, 1794273634L, 132212712L, -1115276340L, 430878460L, 
1266975730L, 1349760128L, 1425187060L, 50315400L, 1212428602L, 
-1804922032L, 931733612L, -1277600620L, -338377390L, 1066742496L, 
1321782476L, 756505760L, 1618083202L, -448738072L, -763376404L, 
351807548L, -2084369294L, -2002559888L, -1450569180L, -1261332936L, 
1156919834L, -373238576L, -586545604L, 2114674836L, 1227410562L, 
-1494676544L, -308448964L, 258403984L, -325819358L, -1493684216L, 
1854928012L, -313646052L, 631713938L, -964303744L, -899253228L, 
-1870022872L, -1161467846L, -607962928L, 1557313644L, 366046900L, 
1822567442L, -573295648L, -434093108L, 608805344L, 1744439330L, 
1924834600L, 813502732L, -1368145348L, 1829935346L, -451486480L, 
-1985284284L, -1220445096L, 87840314L, -166678288L, 1054045884L, 
612774420L, 1326431426L, -732157344L, 252592508L, -300479280L, 
-271431646L, -17959768L, 814539148L, -749620804L, -1390253006L, 
1140209472L, 124039860L, 196771144L, 402151098L, -78658800L, 
258799852L, 2093943892L, -2045138158L, -1676866144L, 406468556L, 
-685821088L, -1987330878L, 750854696L, 1259355564L, 1602079548L, 
717209458L, 1303764784L, -1337490396L, 270582328L, -1440684326L, 
-1017855088L, 870357244L, 1392492948L, 35685186L, 602814976L, 
587023420L, 726198864L, -734739294L, -1259571384L, -1180361204L, 
-656646436L, -1829666734L, 1860034688L, 312679252L, -751361048L, 
-408550662L, -919281840L, 100417580L, 1673597300L, -1281084782L, 
-172277152L, 1410024588L, -1089964704L, 41560290L, -310804312L, 
1942063820L, 1359406588L, 2146295730L, 1721546736L, 808568260L, 
-667231912L, 1334998394L, -1048754768L, -915183172L, 1506081364L, 
-879497790L, -1421624544L, 243526588L, -1073314736L, 1953849314L, 
-981449880L, 1898317644L, -1171899652L, 781753074L, -216796928L, 
-73624460L, -928908792L, -141637190L, -1567819312L, 1648987116L, 
805652372L, -704983854L, 419661920L, -247652020L, -1612814560L, 
-1065899390L, -1466504728L, -1278110740L, 1568898620L, 1340955250L, 
-22028432L, 1025536292L, 1997188664L, -1851400806L, 1778234832L, 
-78982724L, -2010201452L, -1211689342L, -307588672L, 66117436L, 
988542608L, 727429922L, 1374070280L, -938903796L, -1417349220L, 
1093861953L, 380753606L, 1442076676L, 1054685109L, -2037552993L, 
-970255112L, 566475990L, 885038435L, 1162901797L, -1801732414L, 
111774640L, -1104767015L, -44678837L, 2061109180L, 1533812714L, 
964028447L, -2068099415L, 195383870L, 919232300L, -2131908227L, 
-1571997753L, -1104093520L, 734104782L, -1410853381L, -1928335779L, 
1478179210L, 878698920L, 1546084113L, -2008842749L, 1826740484L, 
1517407538L, 1707350919L, 405727697L, -1474682026L, 2079181108L, 
1117165637L, -205184881L, -2106159608L, 2071720486L, 209892051L, 
-1522744267L, 1148623762L, 1710082912L, -1756334391L, -1586025989L, 
-1321249332L, -80161702L, -55998129L, -1034201063L, 229416494L, 
-551205828L, -1465126483L, -1088896425L, 1648081824L, -1313726210L, 
-827407413L, 259560909L, -1991321350L, 594275128L, -426391327L, 
-651465837L, -1983705164L, -1119120190L, -988014377L, 1320183073L, 
1900209382L, 1609839076L, -583946987L, 174761279L, -264046376L, 
992323830L, -1023503613L, -149011387L, -1611244446L, -1929479216L, 
71340281L, 1730812459L, -1188002404L, 1613037002L, -343019841L, 
-1688408055L, 602034462L, 722851020L, 512753821L, -359140057L, 
178169680L, -1900795410L, -1275855205L, -1282920195L, 539015146L, 
341487752L, -1961791951L, -1337014109L, 406043812L, 1032887634L, 
1935759527L, -478393103L, -1779499978L, -2010811180L, -964798363L, 
-1666629009L, 843324584L, -1664558586L, 869276467L, -178450539L, 
-786445326L, 626540608L, -1315282519L, -2002145253L, 1712954860L, 
980549114L, -719607249L, 550626873L, -601345970L, -1551640420L, 
-1054516723L, -1414769033L, 508726912L, -849113890L, -1736208469L, 
-1231658835L, -214084326L, 1629286872L, -1968494015L, -1904885517L, 
-1458847980L, -1756768606L, 1789153207L, -956302463L, -908039802L, 
-324506684L, 831444725L, 553771871L, -1271566920L, 1873130646L, 
-1704850781L, -1489245083L, -2004633214L, 75170544L, 75699865L, 
-1745126773L, -1901651076L, -416260694L, 1038546399L, 1859863401L, 
-1253465218L, 1444666220L, -160944195L, 1709956231L, 880767088L, 
